+919576543125
+919576543126
+919576543127
+919576543128
+919576543129
+919576543130
+919576543131
+919576543132
+919576543133
+919576543134
+919576543135
+919576543136
+919576543137
+919576543138
+919576543139
+919576543140
+919576543141
+919576543142
+919576543143
+919576543144
+919576543145
+919576543146
+919576543147
+919576543148
+919576543149
+919576543150
+919576543151
+919576543152
+919576543153
+919576543154
+919576543155
+919576543156
+919576543157
+919576543158
+919576543159
+919576543160
+919576543161
+919576543162
+919576543163
+919576543164
+919576543165
+919576543166
+919576543167
+919576543168
+919576543169
+919576543170
+919576543171
+919576543172
+919576543173
+919576543174
+919576543175
+919576543176
+919576543177
+919576543178
+919576543179
+919576543180
+919576543181
+919576543182
+919576543183
+919576543184
+919576543185
+919576543186
+919576543187
+919576543188
+919576543189
+919576543190
+919576543191
+919576543192
+919576543193
+919576543194
+919576543195
+919576543196
+919576543197
+919576543198
+919576543199
+919576543200
+919576543201
+919576543202
+919576543203
+919576543204
+919576543205
+919576543206
+919576543207
+919576543208
+919576543209
+919576543210
+919576543211
+919576543212
+919576543213
+919576543214
+919576543215
+919576543216
+919576543217
+919576543218
+919576543219
+919576543220
+919576543221
+919576543222
+919576543223
+919576543224
+919576543225
+919576543226
+919576543227
+919576543228
+919576543229
+919576543230
+919576543231
+919576543232
+919576543233
+919576543234
+919576543235
